; omnidirectional camera intrinsics
width = 1350
height = 1080
cx = 677.739464094188
cy = 543.057997844875
a0 = 767.733695862103 			
a1 = 0.0
a2 = -0.000592506426558248
a3 = -2.69440266600040e-07
a4 = -2.16380341010063e-10
c = 1.0
d = 0.0
e = 0.0

; poses/mesh are already in the same world frame
worldInputMode = 1

; freeze OBJ vertices/normals instead of loading vertex_positions.bin / vertex_normals.bin
disableMeshUpdates = 0

; corner mask
mask = mask.png

; start time in pose log
poseStartTime = 0

; material
materialFile = model.mtl
